31 42 20 52
20 43 23 3
34 45 31 5
4 1 26 6
5 52 3 57
37 2 4 7
3 28 54 41
5 30 53 39
60 27 56 40
58 29 55 38
21 49 11 13
10 50 12 14
11 51 32 15
24 10 14 16
13 11 15 61
14 12 35 17
13 40 56 27
15 38 55 29
58 39 53 30
60 41 54 28
1 52 0 42
22 49 10 24
23 46 21 25
1 43 22 26
25 21 13 27
26 22 24 60
3 23 25 28
24 16 56 8
26 19 54 6
61 17 55 9
57 18 53 7
2 42 0 52
12 51 33 35
32 48 34 36
33 45 2 37
15 32 36 38
35 33 37 58
36 34 5 39
35 9 55 17
37 7 53 18
61 8 56 16
57 6 54 19
44 20 0 31
23 1 44 46
43 42 45 47
44 2 34 48
22 43 47 49
46 44 48 50
47 45 33 51
21 46 50 10
49 47 51 11
50 48 32 12
4 31 0 20
30 18 39 7
28 19 41 6
29 17 38 9
27 16 40 8
41 59 30 4
59 9 36 18
60 61 58 57
25 8 59 19
40 14 29 59
