1 55 39 67
3 54 0 66
3 5 52 34
6 2 1 64
51 32 5 23
4 2 6 7
5 3 63 8
8 25 50 5
62 26 7 6
52 31 46 33
49 31 51 22
50 24 48 22
45 24 13 27
12 26 61 28
15 16 45 27
61 17 14 28
14 17 29 44
15 60 30 16
29 19 20 41
30 57 21 18
18 21 36 40
19 56 37 20
23 11 49 10
50 22 51 4
25 12 48 11
24 50 7 26
25 8 62 13
28 14 45 12
15 27 13 61
30 18 41 16
57 19 29 17
49 9 32 10
31 52 4 51
35 34 9 46
33 54 2 52
53 33 42 36
37 35 40 20
38 36 21 56
39 53 37 65
0 55 38 67
36 42 41 20
40 43 29 18
43 40 35 46
41 42 47 44
43 48 45 16
44 12 27 14
47 42 33 9
48 43 46 49
44 47 11 24
47 31 10 22
7 25 11 23
32 4 23 10
2 32 9 34
35 38 55 54
1 34 53 55
54 53 39 0
57 58 37 21
30 59 56 19
59 64 65 56
60 63 58 57
61 62 59 17
13 60 15 28
26 8 63 60
62 6 64 59
63 3 66 58
58 66 67 38
65 64 1 67
65 66 0 39
