77 72 2 1
0 103 36 78
0 73 101 102
93 69 77 4
3 78 35 94
103 102 119 38
39 9 7 91
6 10 8 90
11 74 96 7
10 6 40 12
13 11 7 9
10 14 75 8
13 9 41 116
115 14 10 12
13 121 76 11
57 97 55 122
49 83 44 108
49 124 47 99
52 100 48 125
52 109 20 84
19 111 21 86
112 60 87 20
60 123 56 98
81 37 106 44
96 35 80 42
38 121 45 105
91 66 27 69
26 67 28 70
27 68 116 71
74 31 30 94
29 32 39 93
32 29 75 33
34 40 30 31
119 34 31 76
118 41 32 33
4 79 24 95
1 104 37 79
80 36 105 23
104 5 120 25
40 6 92 30
41 9 39 32
117 12 40 34
24 81 43 89
85 88 42 82
107 16 82 23
25 114 46 106
45 113 110 107
99 17 124 48
100 47 125 18
16 54 17 50
83 49 99 51
84 50 100 52
19 51 18 53
109 52 125 54
108 53 124 49
56 122 15 97
22 123 55 98
64 58 15 62
63 59 97 57
87 60 98 58
21 61 22 59
112 62 123 60
65 57 122 61
66 88 58 64
67 63 57 65
68 64 62 113
26 89 63 67
27 66 64 68
28 67 65 114
92 26 70 3
69 27 71 72
28 117 73 70
73 0 77 70
101 2 72 71
29 95 8 75
11 76 31 74
14 120 33 75
0 78 3 72
4 77 1 79
36 80 35 78
79 37 81 24
23 82 42 80
44 85 43 81
50 84 85 16
51 19 86 83
83 86 43 82
84 20 87 85
21 59 88 86
87 63 89 43
42 88 66 90
96 89 91 7
6 90 26 92
39 91 69 93
30 92 3 94
29 93 4 95
74 94 35 96
8 95 24 90
58 98 55 15
59 22 56 97
50 17 47 100
51 99 48 18
118 102 2 73
2 101 5 103
104 1 102 5
36 103 38 105
25 106 37 104
23 105 45 107
46 110 44 106
54 16 110 109
53 108 111 19
108 107 46 111
109 110 112 20
61 21 111 113
114 65 112 46
115 68 113 45
121 13 116 114
115 12 117 28
116 41 118 71
101 117 34 119
5 118 33 120
38 119 76 121
120 14 115 25
62 15 55 123
61 122 56 22
54 125 47 17
53 18 48 124
