       1       1      66      67      22      56      36      37      38      35
       2       1      63      62      61      55      66      67      22      56
       3       1      47      55      19      15      45      56      71      10
       4       1      45      56      71      10      46      57      69       9
       5       1      57      56      71      69      33      35       6      32
       6       1      61      60      19      55      22      68      71      56
       7       1      22      68      71      56      38      39       6      35
       8       1      15      19      18      13      10      71      72      14
       9       1      10      71      72      14       9      69      58      50
      10       1       9      69      58      50      48      70      23      49
      11       1      70      69      58      23      31      32      41      40
      12       1      69      71      72      58      32       6      42      41
      13       1      60      64      18      19      68      73      72      71
      14       1      68      73      72      71      39       5      42       6
      15       1      44       7      64      60      43       8      73      68
      16       1      43       8      73      68      34       4       5      39
      17       1      12      13      18      65      53      14      72       2
      18       1      53      14      72       2      51      50      58       1
      19       1       1      58      72       2      30      41      42       3
      20       1      26      65      18      64      27       2      72      73
      21       1      27       2      72      73      29       3      42       5
      22       1      26      64       7      25      27      73       8      24
      23       1      27      73       8      24      29       5       4      28
      24       1      11      12      65      17      16      53       2      21
      25       1      26      59      17      65      27      20      21       2
      26       1      11      17      59      52      16      21      20      54
