       1         0.56369        -0.12693        -0.06277       0       0
       2         0.23341        -0.23931        -0.17421       0       0
       3          0.0345         0.06535          0.6654       0       0
       4         -1.0965         0.29975          0.6023       0       0
       5        -0.53882         0.22658          0.6219       0       0
       6         0.01309         0.68545         0.49707       0       0
       7        -1.09699         0.01615        -0.67421       0       0
       8        -1.09692         0.05645        -0.31158       0       0
       9         1.31507         0.35502        -0.51367       0       0
      10         1.31503         0.33507        -0.58153       0       0
      11         1.31303        -0.81212        -0.59938       0       0
      12         1.31389        -0.32184         -0.6439       0       0
      13         1.31432        -0.07671        -0.66616       0       0
      14         1.31435         -0.0576        -0.57198       0       0
      15           1.315         0.31553        -0.70178       0       0
      16         1.31308        -0.78473        -0.42758       0       0
      17          0.4064        -0.92738        -0.58877       0       0
      18         0.32769         -0.0562        -0.66787       0       0
      19         0.28163         0.36461        -0.70607       0       0
      20          0.3035        -1.02271        -0.28259       0       0
      21         0.60063        -0.87501        -0.27012       0       0
      22        -0.43178           0.957        -0.55859       0       0
      23          0.7486         0.05809         0.05231       0       0
      24        -1.09723        -0.11775        -0.21784       0       0
      25        -1.09732        -0.17039        -0.65727       0       0
      26        -0.51314        -0.31602        -0.64414       0       0
      27        -0.42241        -0.31857        -0.21261       0       0
      28         -1.0969         0.06733          0.6654       0       0
      29        -0.51916         0.06632          0.6654       0       0
      30         0.25116         0.06497          0.6654       0       0
      31         0.49561         0.61163         0.51687       0       0
      32         0.25411         0.61205         0.51687       0       0
      33         0.25483         1.02419         0.40499       0       0
      34        -1.09627         0.42885         0.56725       0       0
      35         0.11751          1.0468         0.39892       0       0
      36         0.08145         1.30007         0.33018       0       0
      37        -0.39447         1.30109         0.33013       0       0
      38        -0.43133         1.21584         0.35329       0       0
      39        -0.57831         0.56955         0.52881       0       0
      40         0.49492         0.21398         0.62483       0       0
      41         0.25142         0.21441         0.62483       0       0
      42         0.01075         0.25125         0.61495       0       0
      43         -1.0966         0.24014        -0.36155       0       0
      44        -1.09667         0.20269        -0.69115       0       0
      45         1.31574         0.73799        -0.67945       0       0
      46         1.31575         0.74425        -0.61934       0       0
      47         1.31573         0.73223        -0.73962       0       0
      48         1.31514         0.39541        -0.27439       0       0
      49         1.31445        -0.00229        -0.16643       0       0
      50         1.31433        -0.06606        -0.40143       0       0
      51         1.31407        -0.21549        -0.36086       0       0
      52         1.31205        -1.37592        -0.54819       0       0
      53         1.31398        -0.27142        -0.56693       0       0
      54         1.31209        -1.35108        -0.31008       0       0
      55         0.11716         0.84043        -0.74925       0       0
      56         0.11719         0.86178        -0.54776       0       0
      57           0.601         0.81801        -0.35215       0       0
      58         0.58088         0.01211        -0.11813       0       0
      59         0.29748        -1.05056        -0.57757       0       0
      60          -0.579         0.34763        -0.70439       0       0
      61        -0.43177         0.96221        -0.76023       0       0
      62        -0.39511         1.10257        -0.77298       0       0
      63         0.08048         1.10244        -0.77304       0       0
      64         -0.5364         0.03696        -0.67619       0       0
      65         0.30537        -0.32958        -0.64304       0       0
      66         0.08058         1.12297        -0.57897       0       0
      67        -0.39511         1.12311        -0.57889       0       0
      68        -0.57909         0.37727        -0.43328       0       0
      69          0.6001         0.40599        -0.24012       0       0
      70         0.76268         0.45251        -0.06772       0       0
      71         0.01309         0.68545        -0.54776       0       0
      72         0.01075         0.25125        -0.54776       0       0
      73        -0.53882         0.22658        -0.21261       0       0
